
11:24:37
RGB: [0, 0, 0]
Depth: N/A meters 
Position: SIMD3<Float>(0.0, 0.0, 0.0)
Orientation: simd_float3x3([[0.73948836, -0.054716714, -0.67094195], [0.65114874, -0.1946999, 0.73355114], [-0.17076984, -0.9793355, -0.108349584]])

11:24:42
RGB: [0, 0, 0]
Depth: N/A meters 
Position: SIMD3<Float>(0.0020170659, 0.0045829965, 0.001564376)
Orientation: simd_float3x3([[0.9007923, -0.36128062, 0.24093491], [0.18081787, -0.1923886, -0.9645163], [0.3948141, 0.9123941, -0.10797616]])

11:24:47
RGB: [0, 0, 0]
Depth: N/A meters 
Position: SIMD3<Float>(0.0070118625, -0.0023935128, 0.016726641)
Orientation: simd_float3x3([[0.93429744, -0.32621184, 0.14378537], [0.14852847, -0.0104619805, -0.98885286], [0.32407972, 0.9452389, 0.038677134]])

11:24:52
RGB: [0, 0, 0]
Depth: N/A meters 
Position: SIMD3<Float>(0.0070118625, -0.0023935128, 0.016726641)
Orientation: simd_float3x3([[0.90985745, -0.22708905, 0.34726053], [0.33625206, -0.08678267, -0.93776506], [0.24309236, 0.9699997, -0.0026007106]])

11:24:57
RGB: [0, 0, 0]
Depth: N/A meters 
Position: SIMD3<Float>(0.004585145, -0.008399865, 0.013976459)
Orientation: simd_float3x3([[0.9092536, -0.27040192, 0.31644988], [0.2758945, -0.17774875, -0.94460976], [0.31167284, 0.9461967, -0.08701631]])
