
01:26:39
RGB: [0, 0, 0]
Depth: Optional(0.0) meters 
Position: SIMD3<Float>(0.0022987016, 0.0023126118, 0.019838117)
Orientation: simd_float3x3([[-0.63963926, -0.304171, 0.7059332], [0.76476985, -0.15936472, 0.6242838], [-0.077388175, 0.9391927, 0.33455673]])

01:26:44
RGB: [0, 0, 0]
Depth: Optional(0.0) meters 
Position: SIMD3<Float>(-0.017415725, 0.05222068, 0.050371427)
Orientation: simd_float3x3([[-0.5172631, -0.72709614, 0.45140916], [0.8501322, -0.49727857, 0.17317478], [0.098561384, 0.47333428, 0.87535155]])

01:26:49
RGB: [0, 0, 0]
Depth: Optional(1.16106414e-14) meters 
Position: SIMD3<Float>(0.009937114, 0.04053679, 0.037573677)
Orientation: simd_float3x3([[-0.65782565, -0.5508544, 0.51363885], [0.5885262, 0.049623404, 0.80695385], [-0.4700026, 0.83312476, 0.29154864]])
