01:25:27
RGB: [0, 0, 0]
Depth: Optional(3.820587e-37) meters 
Position: SIMD3<Float>(0.061104596, 0.12261203, 0.006678105)
Orientation: simd_float3x3([[-0.124281295, -0.7981651, 0.58948004], [0.9896821, -0.05702505, 0.13144392], [-0.0712988, 0.5997338, 0.7970169]])
01:25:32
RGB: [0, 0, 0]
Depth: Optional(0.0) meters 
Position: SIMD3<Float>(0.06758211, 0.10848087, -0.004264237)
Orientation: simd_float3x3([[-0.16478895, -0.74915063, 0.6415745], [0.9775876, -0.037645973, 0.20713593], [-0.13102333, 0.661329, 0.738564]])
01:25:37
RGB: [0, 0, 0]
Depth: Optional(0.06121826) meters 
Position: SIMD3<Float>(0.06817901, 0.095537886, -0.011603025)
Orientation: simd_float3x3([[-0.1552441, -0.65301937, 0.74125904], [0.9858123, -0.05392933, 0.15895204], [-0.06382317, 0.7554186, 0.6521267]])
