
11:14:19
RGB: [0, 0, 0]
Depth: Optional(-3.3902452e-19) meters 
Position: SIMD3<Float>(-0.018020008, 0.01547179, 0.023445483)
Orientation: simd_float3x3([[0.26548037, -0.6911782, 0.67215544], [0.93699306, 0.34917432, -0.011026461], [-0.22707814, 0.63273215, 0.740328]])

11:14:24
RGB: [0, 0, 0]
Depth: Optional(0.0) meters 
Position: SIMD3<Float>(0.0011525899, -0.054205958, -0.005633139)
Orientation: simd_float3x3([[0.06361042, -0.19645508, 0.9784474], [0.9977308, 0.034206036, -0.057996057], [-0.022075173, 0.97991604, 0.19818513]])

11:14:29
RGB: [0, 0, 0]
Depth: Optional(-4.3370742e+08) meters 
Position: SIMD3<Float>(0.0016084968, -0.008056044, 0.0018144755)
Orientation: simd_float3x3([[0.21161099, -0.6357933, 0.74228543], [0.9607106, -0.0042497106, -0.27751973], [0.17959969, 0.7718476, 0.60991406]])
