
14:11:23
RGB: [0, 0, 0]
Depth: Optional(3.396203e+38) meters 
Position: SIMD3<Float>(-0.0029437654, -0.006275488, -0.0064888787)
Orientation: simd_float3x3([[0.25085703, -0.49096915, 0.8342782], [0.95469886, -0.01702724, -0.29708642], [0.16006573, 0.8710106, 0.46445623]])

14:11:28
RGB: [0, 0, 0]
Depth: Optional(0.0) meters 
Position: SIMD3<Float>(-0.0011765563, -0.012385011, -0.007405747)
Orientation: simd_float3x3([[0.2261888, -0.46102837, 0.8580743], [0.96017134, -0.042824402, -0.2761104], [0.16404127, 0.8863514, 0.43297982]])

14:11:33
RGB: [0, 0, 0]
Depth: Optional(0.0) meters 
Position: SIMD3<Float>(-0.0011952925, -0.013744956, -0.007842697)
Orientation: simd_float3x3([[0.23046383, -0.44533592, 0.8651949], [0.9588413, -0.04762157, -0.27992052], [0.16586062, 0.89409626, 0.4160314]])

14:11:38
RGB: [0, 0, 0]
Depth: Optional(0.0) meters 
Position: SIMD3<Float>(-0.00674979, -0.019996436, -0.011745081)
Orientation: simd_float3x3([[0.24834237, -0.414114, 0.8756916], [0.94742024, -0.08448585, -0.30863756], [0.20179467, 0.90629566, 0.3713585]])

14:11:43
RGB: [0, 0, 0]
Depth: Optional(0.0) meters 
Position: SIMD3<Float>(-0.003019828, -0.021329237, -0.010259036)
Orientation: simd_float3x3([[0.22244476, -0.38741156, 0.89466786], [0.9549407, -0.09836181, -0.28002352], [0.1964855, 0.9166445, 0.348075]])

14:11:48
RGB: [0, 0, 0]
Depth: Optional(0.0) meters 
Position: SIMD3<Float>(-0.010021467, -0.039283726, -0.007235482)
Orientation: simd_float3x3([[0.21936159, -0.3769642, 0.899877], [0.9528479, -0.11543961, -0.2806326], [0.20966987, 0.9190058, 0.33386648]])
