
11:14:59
RGB: [0, 0, 0]
Depth: Optional(1.6168311e+19) meters 
Position: SIMD3<Float>(0.093349166, 0.14256917, 0.011082043)
Orientation: simd_float3x3([[0.34504148, -0.69364125, 0.6323038], [0.8963126, 0.043605123, -0.44127324], [0.27851364, 0.7189995, 0.63676494]])

11:15:04
RGB: [0, 0, 0]
Depth: Optional(-nan(0x1fffff)) meters 
Position: SIMD3<Float>(0.13103446, 0.06704972, 0.0032295436)
Orientation: simd_float3x3([[0.34009072, -0.3229926, 0.8831839], [0.919633, -0.08201492, -0.38412026], [0.19650227, 0.94284105, 0.26914215]])

11:15:09
RGB: [0, 0, 0]
Depth: Optional(-1.3535137e-32) meters 
Position: SIMD3<Float>(0.13017005, 0.07513757, 0.00097480975)
Orientation: simd_float3x3([[0.3362555, -0.39507872, 0.85489476], [0.9082252, -0.104081556, -0.40533185], [0.24911673, 0.9127321, 0.3238224]])

11:15:14
RGB: [0, 0, 0]
Depth: Optional(1.538802e-39) meters 
Position: SIMD3<Float>(0.15432411, 0.062043544, 0.0057036667)
Orientation: simd_float3x3([[0.1907673, -0.41102222, 0.89144176], [0.91908395, -0.24419793, -0.3092764], [0.34480768, 0.8783097, 0.33117893]])

11:15:19
RGB: [0, 0, 0]
Depth: Optional(-nan(0x1fffff)) meters 
Position: SIMD3<Float>(0.12149334, 0.11810452, 0.015655898)
Orientation: simd_float3x3([[0.41758445, -0.5774392, 0.70156056], [0.885032, 0.0836299, -0.45795682], [0.20577075, 0.8121393, 0.5459746]])

11:15:24
RGB: [0, 0, 0]
Depth: Optional(-1.2929231e-09) meters 
Position: SIMD3<Float>(0.12697193, 0.08372857, 0.0064470824)
Orientation: simd_float3x3([[0.3421339, -0.44568646, 0.82722896], [0.9185204, -0.027020156, -0.39444885], [0.1981524, 0.8947812, 0.40012765]])

11:15:29
RGB: [0, 0, 0]
Depth: N/A meters 
Position: SIMD3<Float>(0.0, 0.0, 0.0)
Orientation: simd_float3x3([[0.7531464, -0.3826768, -0.53509724], [0.57614607, -0.008915372, 0.81729823], [-0.31753168, -0.9238393, 0.21376316]])
