
16:12:59
RGB: [0, 0, 0]
Depth: Optional(-1.974495e-11) meters 
Position: SIMD3<Float>(-0.04453028, 0.13396274, 0.060619812)
Orientation: simd_float3x3([[0.06695984, -0.75910425, 0.64751613], [0.9867505, -0.045741472, -0.15566437], [0.14778383, 0.6493601, 0.7459836]])

16:13:04
RGB: [0, 0, 0]
Depth: Optional(1.0) meters 
Position: SIMD3<Float>(-0.09129373, 0.13423187, 0.08866351)
Orientation: simd_float3x3([[0.05701753, -0.8106753, 0.582713], [0.9459044, -0.14285845, -0.2913011], [0.3193961, 0.56780005, 0.7586758]])

16:13:09
RGB: [0, 0, 0]
Depth: Optional(-nan(0x10cca5)) meters 
Position: SIMD3<Float>(-0.10952625, 0.1257264, 0.117418155)
Orientation: simd_float3x3([[0.072345234, -0.78631526, 0.6135753], [0.9177321, -0.18841544, -0.34966773], [0.3905561, 0.58839446, 0.7079957]])
