
11:21:50
RGB: [0, 0, 0]
Depth: Optional(3297809.8) meters 
Position: SIMD3<Float>(0.0034018047, 0.010692809, -0.0019908193)
Orientation: simd_float3x3([[0.23529902, -0.7827442, 0.5761473], [0.9696684, 0.14870562, -0.19398437], [0.06616381, 0.6043162, 0.7939927]])

11:21:55
RGB: [0, 0, 0]
Depth: Optional(0.07067663) meters 
Position: SIMD3<Float>(0.057272185, 0.06333057, -0.0429366)
Orientation: simd_float3x3([[0.39324862, -0.014714166, 0.9193145], [0.91582125, -0.08226101, -0.39307097], [0.08140744, 0.9965022, -0.018873483]])

11:22:00
RGB: [0, 0, 0]
Depth: Optional(0.5546495) meters 
Position: SIMD3<Float>(0.015911013, -0.019827543, -0.008039755)
Orientation: simd_float3x3([[0.0019538393, -0.5825328, 0.81280494], [0.99675655, -0.06425943, -0.04845043], [0.08045434, 0.8102631, 0.5805178]])
